x1 = 0,x2 = 0,x3 = 0
x1 = 0.1*x2+0.2*x3+7.2;
x2 = 0.1*x2+0.2*x3+8.3;
x3 = 0.2*x2+0.2*x3+8.4;
x1
x2
x3
