x = [1.0:0.1:1.4]
temp = 1+x.*x;
y = 1./(temp.*temp)

  a0 =    0.2500 ;
  a1 =    0.2047 ;
  a2 =    0.1680;
  a3 =    0.1382 ;
  a4 =    0.1141;

a = 0.2;
f1 = (a2-a0)/a
f2 = (a3-a1)/a
f3 = (a4-a2)/a